Memory	Disk	Time	Passes	Partitions	MaxVolumeOfDistinctKmersPerPart
10	148	24m42.992s	63	15	13
10	371	11m9.626s	25	38	12
10	743	7m55.578s	12	78	15
10	1487	7m29.755s	6	156	13
10	2975	7m21.892s	3	311	13
10	5950	crashed (too many open files)
100	148	25m10.579s	63	2	41
100	371	11m14.179s	25	4	49
100	743	6m33.158s	12	8	49
100	1487	5m39.567s	6	16	50
100	2975	6m7.557s	3	32	50
100	5950	5m39.842s	1	94	57
1000	148	25m11.538s	63	1	57
1000	371	11m33.310s	25	1	119
1000	743	6m59.093s	12	1	213
1000	1487	5m40.123s	6	2	303
1000	2975	5m38.937s	3	4	303
1000	5950	5m40.323s	1	10	345


