Memory	Disk	Time	Passes	Partitions	ActualMem
1	148	22m25.595s 63 149 35
1	371	10m12.005s 25 372 35
1	743	6m20.927s 12 744 36
1	1487	crashed (too many open files)
1	2975	crashed (too many open files)
1	5950	crashed (too many open files)
10	148	22m14.551s 63 15 46
10	371	10m13.025s 25 38 34
10	743	6m3.807s 12 75 33
10	1487	5m45.064s 6 149 34
10	2975	4m49.781s 3 298 34
10	5950	3m52.477s 1 596 45
100	148	22m22.618s 63 2 95
100	371	10m17.053s 25 4 121
100	743	6m9.848s 12 8 117
100	1487	4m42.516s 6 15 144
100	2975	3m44.240s 3 30 144
100	5950	2m57.994s 1 60 191
1000	148	22m27.638s 63 1 241
1000	371	10m23.095s 25 1 402
1000	743	6m19.904s 12 1 912
1000	1487	4m56.590s 6 2 814
1000	2975	4m4.373s 3 3 1739
1000	5950	3m14.121s 1 6 1598
