Memory	Disk	Time	Passes	Partitions	MaxVolumeOfDistinctKmersPerPart
10	115	36m48.464s	23	12	5
10	575	8m5.158s	4	69	5
10	1150	11m12.914s	2	137	5
10	2300	21m18.161s	1	274	5
10	4600	21m46.478s	1	274	5
10	6900	23m1.775s	1	274	5
50	115	36m32.932s	23	3	15
50	575	8m4.084s	4	14	22
50	1150	5m19.057s	2	28	22
50	2300	4m37.155s	1	55	22
50	4600	5m37.542s	1	55	22
50	6900	7m12.578s	1	55	22
100	115	37m14.022s	23	2	23
100	575	8m10.900s	4	7	43
100	1150	5m14.717s	2	14	43
100	2300	5m2.283s	1	28	43
100	4600	4m53.904s	1	28	43
100	6900	4m21.926s	1	28	43
500	115	39m28.937s	23	1	38
500	575	8m23.423s	4	2	128
500	1150	5m27.286s	2	3	160
500	2300	3m59.177s	1	6	182
500	4600	4m12.912s	1	6	182
500	6900	4m19.825s	1	6	182
1000	115	37m56.094s	23	1	38
1000	575	8m44.879s	4	1	212
1000	1150	5m44.351s	2	2	255
1000	2300	4m12.770s	1	3	319
1000	4600	4m22.947s	1	3	319
1000	6900	4m11.858s	1	3	319
2000	115	42m2.990s	23	1	38
2000	575	9m29.988s	4	1	212
2000	1150	6m36.749s	2	1	424
2000	2300	5m38.625s	1	2	509
2000	4600	4m29.377s	1	2	509
2000	6900	4m26.231s	1	2	509
