Memory	Disk	Time	Passes	Partitions	MaxVolumeOfDistinctKmersPerPart
10	115	7m40.158s	23	12	4
10	575	1m33.524s	4	69	4
10	1150	1m4.531s	2	137	4
10	2300	1m21.408s	1	274	4
10	4600	1m30.730s	1	274	4
10	6900	1m26.169s	1	274	4
50	115	7m31.788s	23	3	12
50	575	1m39.654s	4	14	17
50	1150	1m8.620s	2	28	17
50	2300	1m2.839s	1	55	17
50	4600	0m58.792s	1	55	17
50	6900	1m5.170s	1	55	17
100	115	7m27.608s	23	2	19
100	575	1m41.163s	4	7	33
100	1150	1m10.303s	2	14	33
100	2300	1m6.090s	1	28	33
100	4600	1m10.312s	1	28	33
100	6900	1m9.905s	1	28	33
500	115	7m34.475s	23	1	28
500	575	1m46.106s	4	2	107
500	1150	1m13.048s	2	3	128
500	2300	1m2.665s	1	6	142
500	4600	1m1.860s	1	6	142
500	6900	1m0.600s	1	6	142
1000	115	7m41.392s	23	1	28
1000	575	1m51.845s	4	1	160
1000	1150	1m16.192s	2	2	212
1000	2300	1m5.999s	1	3	255
1000	4600	1m4.855s	1	3	255
1000	6900	1m6.497s	1	3	255
2000	115	7m53.425s	23	1	28
2000	575	1m54.905s	4	1	160
2000	1150	1m18.315s	2	1	319
2000	2300	1m9.864s	1	2	424
2000	4600	1m14.077s	1	2	424
2000	6900	1m6.944s	1	2	424
