Memory	Disk	Time	Passes	Partitions	ActualMem
10	115	8m40.516s	23	12	0
10	575	2m2.452s	58	58	0
10	1150	1m42.440s	116	116	0
10	2300	1m48.071s	1	231	0
10	4600	1m38.003s	1	274	27
10	6900	1m35.181s	1	274	0
50	115	7m4.069s	23	3	43
50	575	1m48.815s	4	12	0
50	1150	1m24.755s	2	24	56
50	2300	1m15.774s	1	47	0
50	4600	1m16.731s	1	55	49
50	6900	1m14.489s	1	55	0
100	115	7m11.055s	23	2	58
100	575	1m54.504s	4	6	0
100	1150	1m26.954s	2	12	109
100	2300	1m8.850s	1	24	0
100	4600	1m12.291s	1	28	94
100	6900	1m42.794s	1	28	93
500	115	7m20.971s	23	1	0
500	575	1m54.283s	4	2	0
500	1150	1m27.114s	2	3	426
500	2300	1m15.128s	1	5	0
500	4600	1m13.612s	1	6	0
500	6900	1m11.456s	1	6	427
1000	115	7m12.205s	23	1	0
1000	575	2m3.585s	4	1	638
1000	1150	1m30.520s	2	2	0
1000	2300	1m15.089s	1	3	850
1000	4600	1m22.459s	1	3	0
1000	6900	1m9.209s	1	3	850
2000	115	7m1.399s	23	1	0
2000	575	1m54.109s	4	1	639
2000	1150	1m46.518s	2	1	0
2000	2300	1m14.823s	1	2	1274
2000	4600	1m23.487s	1	2	0
2000	6900	1m23.474s	1	2	1274

